[Challenger +1]
80000801
12110000 10BE225C 0000001E
300F0000 00000001
521A0000 10BE225C
521B0000 10BE226A 
521C0000 10BE2266 
9241A100 00000004
9242B100 00000004
9247A100 00000006
9248A100 00000006
92177100 00000001
92188100 00000001
92111070
92122080
92241100 00000004
92252100 00000004
40060000 00000000 00000014
9214A040
9215B050
12130000 10BE2266 00000063
9206C060
20000000
12150000 10BE25E4 00000000
92041040
92052050
20000000
12150000 10BE25E4 00000100
92052050
20000000
12150000 10BE25E4 00000300
92155020
92155020
20000000
12150000 10BE25E4 00000400
92066100 00000005
92052050
20000000
12150000 10BE25E4 00000500
92155020
92155020
20000000
12150000 10BE2258 00000000
92066100 0000000A
20000000
12150000 10BE2258 00000001
92052050
92166100 00000005
20000000
12150000 10BE2258 00000002
92041040
92066100 0000000A
20000000
12150000 10BE2258 00000003
92052050
20000000
12150000 10BE2258 00000004
92141040
20000000
12150000 10BE2258 00000006
20000000
12150000 10BE2258 00000008
92066100 00000005
20000000
12150000 10BE2258 00000009
92041040
92041040
92052050
92066100 0000000A
20000000
12150000 10BE2258 00000010
92166100 00000005
20000000
12150000 10BE2258 00000011
92166100 00000005
20000000
12150000 10BE2258 00000012
92041040
92041040
92066100 0000000A
20000000
12150000 10BE2258 00000014
92066100 00000005
20000000
11150000 10BE2262 00000006 
92166100 0000000F
20000000
11150000 10BE2262 00000007 
92166100 0000000F
20000000
11150000 10BE2262 00000008 
92166100 0000000A
20000000
11150000 10BE2262 00000009 
92166100 0000000F
20000000
A24F0410 10BE225C
A25F0410 10BE226A
A26F0410 10BE2266
310F0000
20000000
20000000
